1,1,1.80089,196757,4186.32
2,0,2.0611,213467,4027.68
3,0,2.09828,200446,4090.73
4,0,2.07333,234620,4265.82
5,0,2.14642,241177,4306.73
6,0,1.97713,214837,4475.77
7,0,2.14595,240231,4367.84
8,0,2.1596,257236,4512.91
9,0,2.13553,246747,4569.39
10,0,2.27067,280833,4603.82
11,0,2.27185,260936,4659.57
12,0,2.41975,287199,4632.24
13,0,2.39463,303918,4675.66
14,0,2.54138,317785,4889
15,0,2.5023,301178,5019.63
16,0,2.69553,336330,4874.35
17,0,2.65476,331853,4953.03
18,0,2.72773,351836,4955.44
19,0,2.80987,382133,4962.77
20,0,2.74444,380580,4879.23
21,0,2.95052,405297,4942.65
22,0,2.9167,396388,5017.57
23,0,3.02764,402339,5158.19
24,0,3.1008,387512,5166.83
25,0,3.29726,436981,5081.17
26,0,3.38912,443668,5219.62
27,0,3.35688,479261,5098.52
28,0,3.46484,460318,5230.89
29,0,3.62374,480088,5218.35
30,0,3.84658,485695,5222.53
31,0,3.83218,502012,5175.38
32,0,3.88328,550605,5294.28
33,0,4.01274,515739,5316.9
34,0,4.07487,544994,5343.08
35,0,4.24672,587342,5339.47
36,0,4.34618,594756,5310.32
37,0,4.58064,623987,5379.2
38,0,4.62662,631172,5394.63
39,1,2.51569,335015,5234.61
40,0,2.40011,323187,5212.69
41,0,2.33846,318317,5395.2
42,0,2.4933,330449,5329.82
43,0,2.48575,338810,5377.94
44,0,2.31367,338473,5459.24
45,0,2.73612,356353,5482.35
46,0,2.5804,355004,5378.85
47,0,2.62037,347911,5436.11
48,0,2.63462,361863,5567.12
49,0,2.68802,403421,5451.64
50,0,2.94702,413339,5438.67
51,0,2.89547,420790,5326.46
52,0,2.90302,412382,5426.08
53,0,2.84209,425584,5527.06
54,0,3.1788,462825,5319.83
55,0,3.11301,437392,5536.61
56,0,3.18343,452066,5256.58
57,0,3.37749,474797,5520.9
58,0,3.51212,515593,5427.29
59,0,3.57457,524060,5516.42
60,0,3.73907,530575,5359.34
61,0,3.87969,536892,5592.62
62,0,4.00468,526971,5547.06
63,0,3.99409,527412,5551.71
64,0,4.1383,551033,5455.77
65,0,4.43933,591239,5474.44
66,0,4.46978,568540,5313.46
67,0,4.64283,620160,5392.7
68,1,2.32314,303699,5147.44
69,0,2.27579,289723,5267.69
70,0,2.32314,297558,5043.36
71,0,2.51619,313372,5054.39
72,0,2.41483,309763,5162.72
73,0,2.30907,293998,5345.42
74,0,2.51178,335165,5156.38
75,0,2.38648,323073,5296.28
76,0,2.58928,320144,5335.73
77,0,2.46868,328913,5481.88
78,0,2.57592,343425,5366.02
79,0,2.70769,346735,5334.38
80,0,2.62317,356648,5486.89
81,0,2.78321,376130,5297.61
82,0,2.79117,386865,5299.52
83,0,2.92681,384749,5270.53
84,0,3.04292,401486,5147.26
85,0,3.03007,434713,5175.15
86,0,3.20469,438268,5217.48
87,0,3.30807,440033,5238.49
88,0,3.55486,478293,5255.97
89,0,3.58052,456407,5307.06
90,0,3.67482,459013,5276.01
91,0,3.54702,448921,5281.42
92,0,3.86059,481767,5180.29
93,0,4.24692,527719,5277.19
94,0,3.93353,491733,5344.92
95,0,4.11474,530368,5303.68
96,0,4.4033,554004,5378.68
97,0,4.24411,544774,5289.07
98,1,2.2082,256385,4747.87
99,0,2.21858,256615,4752.13
100,0,2.20306,261067,4925.79
101,0,2.29938,274898,4908.89
102,0,2.20936,260291,4820.2
103,0,2.15682,260109,5002.1
104,0,2.35145,287080,4949.66
105,0,2.29194,284026,4897
106,0,2.52403,308320,4972.9
107,0,2.44631,302600,5043.33
108,0,2.56213,303918,4901.9
109,0,2.65221,312949,4889.83
110,0,2.68131,315188,5002.98
111,0,2.87954,351122,4809.89
112,0,2.84645,341331,5094.49
113,0,2.95372,325509,5250.15
114,0,2.96534,360573,5151.04
115,0,3.23503,382134,5095.12
116,0,3.23541,358246,5268.32
117,0,3.28651,367083,5028.53
118,0,3.41863,379456,5198.03
119,0,3.49148,408792,5109.9
120,0,3.64392,423308,5162.29
121,0,3.79747,431036,5131.38
122,0,3.93121,425321,5186.84
123,0,3.95097,411097,5270.47
124,1,1.96375,217753,4733.76
125,0,1.96972,222877,4742.06
126,0,1.95802,237038,4938.29
127,0,1.81677,215171,4890.25
128,0,1.93517,216101,4802.24
129,0,2.02936,234932,4794.53
130,0,1.9288,219251,4872.24
131,0,2.01308,235275,4901.56
132,0,2.14272,251032,4922.2
133,0,2.27781,275286,4915.82
134,0,2.26098,268283,4877.87
135,0,2.34634,265970,4925.37
136,0,2.39972,283703,4891.43
137,0,2.38882,283322,4884.86
138,0,2.40683,314965,4921.33
139,0,2.41621,290733,5012.64
140,0,2.6321,320775,5012.11
141,0,2.68284,328018,5046.43
142,0,2.67345,322037,5111.7
143,0,2.7005,314299,4910.92
144,0,2.7803,340641,4936.83
145,0,2.91709,346528,5022.14
146,0,3.12926,380690,4758.62
147,0,3.19153,346728,4883.49
148,0,3.23582,360945,4944.45
149,0,3.28985,367705,4968.99
150,0,3.36417,387294,5029.79
151,0,3.58269,356334,5090.49
152,0,3.67548,379304,4990.84
153,0,3.76297,385724,4945.18
154,0,3.72796,431224,5014.23
155,0,3.96734,412955,5036.04
156,0,4.09654,411849,5148.11
157,0,4.18284,434437,5051.59
158,1,2.18233,254197,4707.35
159,0,2.04653,228229,4754.77
160,0,1.91566,229062,4772.12
161,0,2.02711,222489,4836.72
162,0,1.95143,212418,5057.57
163,0,2.03109,237166,5046.09
164,0,2.03668,251886,5037.72
165,0,2.189,263565,4972.92
166,0,2.27989,282364,4953.75
167,0,2.26098,279793,5087.15
168,0,2.20324,276670,5123.52
169,0,2.35967,296474,5111.62
170,0,2.42553,298273,5142.64
171,0,2.34409,265305,5306.1
172,0,2.40479,289753,5268.24
173,0,2.60369,314709,5075.95
174,0,2.67421,288488,5151.57
175,0,2.54719,335300,5239.06
176,0,2.72952,342494,5189.3
177,0,2.73503,351116,5163.47
178,0,2.8593,346331,5169.12
179,0,3.05495,358325,5269.49
180,0,3.14205,377601,5172.62
181,0,3.06289,374962,5281.15
182,0,3.2077,391751,5223.35
183,0,3.3073,395042,5338.41
184,0,3.42926,407623,5159.78
185,0,3.55306,427368,5149.01
186,0,3.63306,422266,5149.59
187,0,3.7442,442345,5266.01
188,0,3.78944,440379,5120.69
189,0,3.92766,404692,5395.89
190,1,1.87151,199990,4999.75
191,0,1.74858,218292,4961.18
192,0,1.78764,217679,4947.25
193,0,1.6988,217669,5062.07
194,0,1.83315,236870,5039.79
195,0,1.85218,225630,5014
196,0,1.79895,230000,5227.27
197,0,1.981,266380,5026.04
198,0,1.89224,269951,5191.37
199,0,1.97616,264209,5180.57
200,0,1.98386,267374,5242.63
201,0,2.0658,265160,5303.2
202,0,2.16556,299366,4989.43
203,0,2.25362,286885,5122.95
204,0,2.27411,290968,5290.33
205,0,2.29752,285524,5191.35
206,0,2.34126,302471,5126.63
207,0,2.33358,307653,5127.55
208,0,2.5477,326325,5263.31
209,0,2.48624,313901,5320.36
210,0,2.46324,321188,5180.45
211,0,2.53808,335401,5160.02
212,0,2.60838,342340,5109.55
213,0,2.76407,366305,5159.23
214,0,2.7829,377649,5103.36
215,0,2.62756,330851,5251.6
216,0,2.86145,376473,5019.64
217,0,2.87592,358508,5121.54
218,0,3.20456,417270,5151.48
219,0,3.22197,393072,5172
220,0,3.36986,416874,5210.93
221,0,3.33111,467127,5308.26
222,0,3.46326,470797,5349.97
223,0,3.6891,458327,5329.38
224,0,3.66499,480776,5283.25
225,0,3.71157,442761,5534.51
226,0,3.88763,485248,5391.64
227,0,4.09668,485171,5576.68
228,0,4.19543,510010,5483.98
229,0,4.3367,534209,5396.05
230,1,1.9909,267464,5143.54
231,0,2.03568,240940,5354.22
232,0,1.96974,263688,5170.35
233,0,1.98303,270675,5107.08
234,0,1.99782,260244,5311.1
235,0,2.13521,301003,5280.75
236,0,2.10789,290391,5377.61
237,0,2.21933,302358,5399.25
238,0,2.15649,297420,5407.64
239,0,2.33519,312894,5394.72
240,0,2.31206,330411,5506.85
241,0,2.27551,326676,5536.88
242,0,2.42075,342761,5528.4
243,0,2.29457,322279,5462.36
244,0,2.39259,354939,5460.6
245,0,2.50163,382601,5465.73
246,0,2.52382,346894,5686.79
247,0,2.48346,397364,5596.68
248,0,2.5949,387615,5537.36
249,0,2.65786,423694,5574.92
250,0,2.66972,410673,5549.64
251,0,2.72528,415008,5608.22
252,0,2.87485,442531,5601.66
253,0,2.90659,444187,5694.71
254,0,3.02574,466835,5693.11
255,0,3.07553,432488,5766.51
256,0,3.20367,478997,5702.35
257,0,3.20919,498574,5601.96
258,0,3.39214,492471,5533.38
259,0,3.49658,459812,5607.46
260,0,3.6444,502904,5407.57
261,0,3.78786,554914,5605.19
262,0,3.83237,501732,5701.5
263,0,3.88009,532701,5790.23
264,0,4.11234,519951,5713.75
265,0,4.02981,531362,5839.14
266,1,1.84937,261776,5453.67
267,0,1.89827,298975,5435.91
268,0,1.84955,267093,5564.44
269,0,1.96147,276182,5415.33
270,0,2.03077,283354,5555.96
271,0,2.12641,302746,5311.33
272,0,2.09359,288493,5547.94
273,0,2.19249,307145,5484.73
274,0,2.2503,318852,5404.27
275,0,2.31605,315526,5258.77
276,0,2.52894,342968,5443.94
277,0,2.31796,323540,5392.33
278,0,2.47778,335395,5409.6
279,0,2.545,367664,5252.34
280,0,2.71851,346847,5176.82
281,0,2.80368,395133,5199.12
282,0,2.84514,396616,5288.21
283,0,2.85693,396206,5213.24
284,0,2.96547,384471,5415.08
285,0,3.10765,415285,5324.17
286,0,3.09651,413150,5100.62
287,0,3.23962,422517,5216.26
288,0,3.28484,448162,5092.75
289,0,3.49881,466782,4913.49
290,0,3.44064,489425,5206.65
291,0,3.63922,450388,5004.31
292,0,3.64643,457039,5135.27
293,0,3.8053,476048,5064.34
294,0,3.98542,498073,5031.04
295,0,4.07209,509305,5144.49
296,0,4.33565,536569,5061.97
297,0,4.55185,543482,4940.75
298,1,2.07815,253831,4789.26
299,0,2.09297,255094,4813.09
300,0,2.30474,282714,4791.76
301,0,2.24873,285348,4836.41
302,0,2.25587,287145,4866.86
303,0,2.2503,296666,5028.24
304,0,2.32389,288972,4897.83
305,0,2.44118,297685,4961.42
306,0,2.42359,301762,5114.61
307,0,2.43242,327227,5194.08
308,0,2.47902,327093,5110.83
309,0,2.64726,326706,5185.81
310,0,2.63241,363843,5124.55
311,0,2.65361,369897,5067.08
312,0,2.67161,370420,5144.72
313,0,2.78008,373511,5047.45
314,0,2.84866,383246,5109.95
315,0,2.90345,356120,5015.77
316,0,3.1008,386638,5155.17
317,0,3.29916,412425,5091.67
318,0,3.24608,390628,5208.37
319,0,3.22993,441864,5198.4
320,0,3.55718,444587,5230.44
321,0,3.56131,430250,5183.73
322,0,3.64775,450421,5299.07
323,0,3.74014,479201,5152.7
324,0,3.99229,495246,5105.63
325,1,1.85833,236540,5032.77
326,0,1.93366,251211,5024.22
327,0,2.01002,272865,4872.59
328,0,1.92186,250210,5106.33
329,0,1.93538,245358,5111.62
330,0,2.11663,259066,5079.73
331,0,2.03668,256666,5133.32
332,0,2.27411,282951,5144.56
333,0,2.2943,323620,4978.77
334,0,2.26938,277369,5233.38
335,0,2.42735,306946,5031.9
336,0,2.32771,316388,5103.03
337,0,2.38333,321475,5185.08
338,0,2.55105,331658,5349.32
339,0,2.69759,370139,5287.7
340,0,2.52511,350082,5148.26
341,0,2.67232,359661,5212.48
342,0,2.71229,364012,5055.72
343,0,2.77056,366685,5238.36
344,0,2.83906,355352,5225.76
345,0,2.85221,355735,5081.93
346,0,3.04434,389426,5192.35
347,0,2.98351,396190,5282.53
348,0,3.21492,409774,5253.51
349,0,3.32835,406143,5343.99
350,0,3.28035,403183,5305.04
351,0,3.47935,415602,5397.43
352,0,3.62606,419954,5315.87
353,0,3.8127,437015,5602.76
354,0,3.8996,471258,5479.74
355,1,1.86996,253478,5069.56
356,0,1.83926,249683,5201.73
357,0,1.86326,236264,5369.64
358,0,1.81513,245543,5456.51
359,0,1.98405,266189,5323.78
360,0,2.06999,288813,5251.15
361,0,2.05002,266443,5550.9
362,0,2.0818,273179,5356.45
363,0,2.19672,293321,5534.36
364,0,2.18559,287750,5533.65
365,0,2.26091,324798,5413.3
366,0,2.25016,331717,5622.32
367,0,2.26155,321532,5449.69
368,0,2.34194,330844,5423.67
369,0,2.46681,342392,5434.79
370,0,2.53299,346950,5421.09
371,0,2.60699,352513,5341.11
372,0,2.75305,350422,5309.42
373,0,2.67555,362394,5408.87
374,0,2.79991,372878,5404.03
375,0,2.92146,372428,5476.88
376,0,2.99987,373439,5412.16
377,0,3.0946,384284,5337.28
378,0,3.13266,412756,5159.45
379,0,3.27734,433015,5094.29
380,0,3.45483,415000,5253.16
381,0,3.53704,423524,5294.05
382,0,3.67266,418413,5296.37
383,0,3.79999,445936,5185.3
384,0,3.76466,421750,4961.76
385,0,3.97652,442933,5091.18
386,0,3.95854,452056,5137
387,0,4.21596,451234,5127.66
388,0,4.28262,468971,4936.54
389,1,2.01511,237135,4560.29
390,0,2.16949,256395,4498.16
391,0,2.29237,263796,4628
392,0,2.06142,225170,4895
393,0,2.09087,232258,4554.08
394,0,2.1961,254045,4619
395,0,2.20992,245805,4551.94
396,0,2.22852,267627,4695.21
397,0,2.50215,289333,4592.59
398,0,2.32763,285715,4926.12
399,0,2.38785,284397,4739.95
400,0,2.4235,286933,4782.22
401,0,2.54043,295716,4847.8
402,0,2.46313,297660,4800.97
403,0,2.6658,322800,4747.06
404,0,2.76384,328102,4621.15
405,0,2.79309,344823,4723.6
406,0,2.74933,329077,4634.89
407,0,3.07484,362549,4708.43
408,0,3.02287,353338,4588.81
409,0,3.11556,362818,4773.92
410,0,3.12088,395362,4706.69
411,0,3.31409,371347,4641.84
412,0,3.34643,385572,4645.45
413,0,3.46473,382643,4723.99
414,0,3.65184,411796,4626.92
415,0,3.62004,415200,4665.17
416,0,3.7865,437208,4554.25
417,0,3.82646,438494,4474.43
418,0,4.17149,451089,4556.45
419,0,4.22945,464364,4643.64
420,0,4.29762,467390,4721.11
421,0,4.29531,442953,4762.94
422,1,2.09607,238130,4493.02
423,0,2.09773,242472,4180.55
424,0,2.16582,229189,4244.24
425,0,2.04131,224424,4234.42
426,0,2.14247,233777,4410.89
427,0,2.21104,244961,4453.84
428,0,2.29244,264557,4484.02
429,0,2.35786,268087,4622.19
430,0,2.32389,272922,4625.8
431,0,2.53808,297090,4570.62
432,0,2.38952,266295,4591.29
433,0,2.49736,291134,4548.97
434,0,2.84972,318024,4417
435,0,2.65628,304646,4480.09
436,0,2.8351,331528,4541.48
437,0,2.72634,324995,4513.82
438,0,2.8896,332834,4437.79
439,0,2.87243,355135,4672.83
440,0,2.90098,351892,4630.16
441,0,3.03637,356132,4625.09
442,0,3.29275,357277,4522.49
443,0,3.28504,362332,4473.23
444,0,3.46138,369475,4561.42
445,0,3.33626,375558,4579.98
446,0,3.6411,404110,4644.94
447,0,3.66982,417902,4695.53
448,0,3.88756,433934,4768.51
449,0,3.882,423018,4700.2
450,0,3.9899,468546,4732.79
451,0,4.16404,472124,4817.59
452,0,4.25121,467969,4679.69
453,0,4.32237,468629,4733.63
454,0,4.55848,472321,4723.21
455,1,2.21224,249390,4453.39
456,0,2.2881,261906,4365.1
457,0,2.20077,240425,4371.36
458,0,2.24016,263589,4544.64
459,0,2.27176,253390,4607.09
460,0,2.25587,275940,4676.95
461,0,2.3251,292298,4791.77
462,0,2.24163,293796,4738.65
463,0,2.33081,295855,4930.92
464,0,2.35317,314105,4985.79
465,0,2.69151,321022,4791.37
466,0,2.42425,313902,4982.57
467,0,2.61592,352395,4894.38
468,0,2.72262,352727,4967.99
469,0,2.68236,359479,5063.08
470,0,2.81767,352926,5114.87
471,0,2.87923,359297,5060.52
472,0,3.03637,391349,5082.45
473,0,2.95302,401796,5086.03
474,0,3.20367,431399,5135.7
475,0,3.27221,411734,5146.68
476,0,3.32739,443534,5157.37
477,0,3.29022,410635,5069.57
478,0,3.66306,452659,5029.54
479,0,3.67712,444813,5112.79
480,0,3.72751,475900,5172.83
481,0,3.94308,494171,4941.71
482,0,4.06095,498629,4986.29
483,0,4.05901,503799,5140.81
484,0,4.18406,505655,5267.24
485,0,4.35351,556611,5251.05
486,1,1.83615,239984,4999.67
487,0,1.82314,228151,4959.8
488,0,2.01488,261790,5034.42
489,0,1.94261,254288,5085.76
490,0,1.90618,244348,4886.96
491,0,1.98515,242550,4851
492,0,2.13616,274199,4896.41
493,0,1.97188,268044,5057.43
494,0,2.15114,292308,5219.79
495,0,2.31524,296409,4940.15
496,0,2.30717,305032,5000.52
497,0,2.41935,295552,5009.36
498,0,2.35184,312439,4881.86
499,0,2.48483,338222,4901.77
500,0,2.50606,325195,5161.83
501,0,2.60368,312576,4961.52
502,0,2.64846,333641,5132.94
503,0,2.80341,352696,4967.55
504,0,2.85093,369586,5062.82
505,0,2.91794,385701,5212.18
506,0,3.04293,392636,5166.26
507,0,3.10624,371880,5094.25
508,0,3.1478,418490,5042.05
509,0,3.20263,414166,5242.61
510,0,3.24893,440105,5177.71
511,0,3.30823,426841,5269.64
512,0,3.36451,411032,5408.32
513,0,3.7007,418435,5165.86
514,0,3.77901,458341,5268.29
515,1,1.56243,195123,4878.07
516,0,1.69971,213142,4844.14
517,0,1.67321,214576,4876.73
518,0,1.53437,201113,4788.4
519,0,1.55079,176677,5353.85
520,0,1.71771,243237,5067.44
521,0,1.66921,219966,5115.49
522,0,1.65677,240771,5234.15
523,0,1.72971,244510,5315.43
524,0,1.85009,232059,5044.76
525,0,1.86807,251970,4940.59
526,0,1.91171,247354,5048.04
527,0,2.0989,261240,5023.85
528,0,1.98405,246907,4938.14
529,0,2.07984,276715,4941.34
530,0,2.0833,292109,5124.72
531,0,2.2233,307058,5117.63
532,0,2.30491,301122,5191.76
533,0,2.33929,312606,5124.69
534,0,2.36147,308624,4898.79
535,0,2.45049,334136,5062.67
536,0,2.41893,337900,5043.28
537,0,2.55873,324396,5068.69
538,0,2.59131,357242,5031.58
539,0,2.60789,350794,5158.74
540,0,2.7215,372018,4960.24
541,0,2.78194,370385,5005.2
542,0,2.80356,368162,5043.32
543,0,2.84245,371098,4947.97
544,0,2.99767,394705,5193.49
545,0,3.04447,428173,5221.62
546,0,3.12698,423303,5291.29
547,0,3.19558,420275,5188.58
548,0,3.14253,454950,5352.35
549,0,3.2279,447474,5203.19
550,0,3.3702,456631,5248.63
551,0,3.49789,444065,5286.49
552,0,3.60168,477262,5244.64
553,0,3.67169,477822,5193.72
554,0,3.98959,505437,5264.97
555,0,3.91156,489150,5316.85
556,0,4.15393,468393,5204.37
557,1,2.10485,274579,5084.8
558,0,2.23185,287605,5229.18
559,0,2.04698,274991,5288.29
560,0,2.02512,293211,5235.91
561,0,2.19955,291124,5293.16
562,0,2.07796,312362,5385.55
563,0,2.15018,297241,5404.38
564,0,2.38849,332079,5271.1
565,0,2.32389,314514,5330.75
566,0,2.42735,324898,5326.2
567,0,2.43813,355674,5471.91
568,0,2.63004,363933,5431.84
569,0,2.60891,364350,5205
570,0,2.57098,358106,5189.94
571,0,2.5373,367882,5410.03
572,0,2.60583,383843,5483.47
573,0,2.85388,399975,5405.07
574,0,2.81295,397249,5368.23
575,0,2.82948,389385,5334.04
576,0,3.00083,425110,5248.27
577,0,3.21321,458579,5459.27
578,0,3.14108,447797,5268.2
579,0,3.25393,435821,5188.35
580,0,3.28966,447330,5389.52
581,0,3.42744,469362,5457.7
582,0,3.46293,487520,5242.15
583,0,3.57831,506412,5275.12
584,0,3.74016,505732,5437.98
585,0,3.79111,535640,5356.4
586,0,3.94604,513123,5458.76
587,0,4.21771,560235,5386.88
588,0,4.25552,572103,5346.76
589,0,4.32843,562632,5258.24
590,0,4.62033,580868,5428.67
591,0,4.77267,609315,5392.17
592,1,2.01929,251377,4928.96
593,0,2.11134,249709,4994.18
594,0,2.12152,283139,4967.35
595,0,2.16237,276450,5119.44
596,0,2.11459,267391,5142.13
597,0,2.21352,273492,5259.46
598,0,2.21514,303129,5052.15
599,0,2.36234,272813,5147.42
600,0,2.23661,255564,5111.28
601,0,2.4021,284716,4995.02
602,0,2.51521,291197,4853.28
603,0,2.43713,296470,4941.17
604,0,2.65891,312320,5120
605,0,2.68385,322789,4965.98
606,0,2.66175,324999,4924.23
607,0,2.82272,339199,4845.7
608,0,2.89456,339455,4991.99
609,0,3.02937,357844,4970.06
610,0,3.04356,358996,4851.3
611,0,3.14044,362053,4959.63
612,0,3.17329,358157,4974.4
613,0,3.29995,382872,4908.62
614,0,3.35192,398415,5043.23
615,0,3.50865,399609,4814.57
616,0,3.53325,418138,4977.83
617,0,3.76628,452528,5028.09
618,0,3.92816,429948,4885.77
619,0,3.95774,444454,4993.87
620,0,4.16138,434350,4992.53
621,0,4.1519,450414,4843.16
622,0,4.48217,483138,4783.54
623,0,4.54062,473070,4827.24
624,1,2.06971,214906,4477.21
625,0,2.25513,227662,4463.96
626,0,2.1133,221550,4615.62
627,0,2.06454,236429,4460.92
628,0,2.08379,238232,4494.94
629,0,2.13095,229220,4584.4
630,0,2.24178,264416,4481.63
631,0,2.2476,242961,4763.94
632,0,2.44479,283972,4732.87
633,0,2.5319,290413,4684.08
634,0,2.54348,286304,4771.73
635,0,2.44754,286327,4693.89
636,0,2.67083,294326,4598.84
637,0,2.66086,307156,4875.49
638,0,2.64777,288725,4733.2
639,0,2.76277,309035,4612.46
640,0,2.86571,308308,4601.61
641,0,2.86571,316186,4719.19
642,0,2.9108,343522,4705.78
643,0,3.02097,334492,4847.71
644,0,3.22539,354923,4732.31
645,0,3.16225,361137,4880.23
646,0,3.32183,376973,4895.75
647,0,3.34708,400761,4606.45
648,0,3.44538,391983,4722.69
649,0,3.6113,401547,4724.08
650,0,3.67652,408649,4751.73
651,0,3.70251,410835,4890.89
652,0,3.85676,442441,4809.14
653,0,4.07499,431008,4736.35
654,0,4.23009,467270,4817.22
655,1,1.89001,211129,4589.76
656,0,1.86779,218427,4647.38
657,0,2.09603,216996,4822.13
658,0,1.96435,226083,4810.28
659,0,2.02987,229191,4876.4
660,0,1.94807,224616,4882.96
661,0,2.02015,229371,4778.56
662,0,2.0658,245558,4911.16
663,0,2.07099,236302,4822.49
664,0,2.1462,277258,4780.31
665,0,2.03509,247161,4943.22
666,0,2.24836,284256,4817.9
667,0,2.30854,279711,4740.86
668,0,2.38454,275846,4755.97
669,0,2.32619,262798,4778.15
670,0,2.45737,276368,4764.97
671,0,2.50311,275536,4670.1
672,0,2.42973,299977,4615.03
673,0,2.56271,301041,4631.4
674,0,2.78565,333081,4626.12
675,0,2.86789,343089,4574.52
676,0,2.83005,320327,4853.44
677,0,2.73848,319823,4703.28
678,0,2.9795,334764,4714.99
679,0,3.08643,359762,4733.71
680,0,3.17979,374107,4735.53
681,0,3.16319,374862,4932.39
682,0,3.16829,370747,5010.09
683,0,3.37283,387301,4841.26
684,0,3.62118,456377,4855.07
685,0,3.53563,406904,4962.24
686,0,3.76243,443839,5043.62
687,0,3.65472,438499,5158.81
688,0,4.02946,468205,5089.18
689,0,3.97871,414749,5120.36
690,1,2.01716,213211,4958.4
691,0,1.81684,225567,5012.6
692,0,1.79396,231973,5042.89
693,0,1.82445,229572,5217.55
694,0,1.84849,234084,4980.51
695,0,1.96878,244278,5197.4
696,0,2.03445,252997,5059.94
697,0,2.19443,284561,4992.3
698,0,2.10402,274474,5278.35
699,0,2.23543,294448,5165.75
700,0,2.3456,319255,5149.27
701,0,2.35382,320360,5429.83
702,0,2.34126,319815,5420.59
703,0,2.52193,342490,5436.35
704,0,2.34064,351779,5329.98
705,0,2.52963,365433,5374.01
706,0,2.60182,357513,5416.86
707,0,2.40538,362980,5337.94
708,0,2.61028,379882,5505.54
709,0,2.67832,387062,5375.86
710,0,2.78602,400296,5483.51
711,0,2.82462,389363,5642.94
712,0,3.01198,436705,5458.81
713,0,2.85573,421843,5550.57
714,0,2.99363,433894,5492.33
715,0,3.06711,438478,5480.98
716,0,3.21054,459924,5608.83
717,0,3.19165,448096,5601.2
718,0,3.42166,466271,5617.72
719,0,3.52394,511634,5684.82
720,0,3.52179,473134,5769.93
721,0,3.60405,497899,5857.64
722,0,3.81894,543931,5786.5
723,0,3.88869,545331,5680.53
724,0,3.87209,569174,5691.74
725,0,4.06694,595585,5782.38
726,0,4.29711,613366,5897.75
727,0,4.45343,621781,5757.23
728,0,4.66875,635872,5780.65
729,1,2.14642,306525,5473.66
730,0,2.14599,300085,5456.09
731,0,2.16145,305208,5549.24
732,0,2.12844,319148,5802.69
733,0,2.09843,286904,5977.17
734,0,2.3267,340420,5869.31
735,0,2.25302,337812,5824.34
736,0,2.46376,360158,5809
737,0,2.39941,351701,5861.68
738,0,2.5293,377891,5725.62
739,0,2.51385,359488,5893.25
740,0,2.61141,388385,5975.15
741,0,2.64723,388109,5792.67
742,0,2.75649,410371,5947.41
743,0,2.97861,438481,5846.41
744,0,3.02484,427719,5859.16
745,0,3.06637,454807,5830.86
746,0,3.17313,462290,6003.77
747,0,3.23005,458601,5805.08
748,0,3.36837,450338,5848.55
749,0,3.36417,480065,5926.73
750,0,3.55085,471842,5825.21
751,0,3.67007,496727,5775.9
752,0,3.69438,513465,5970.52
753,0,3.83063,514744,5719.38
754,0,3.80467,532661,5789.79
755,0,3.96095,536059,6023.13
756,0,4.13047,541877,5889.97
757,0,4.20323,565192,6077.33
758,0,4.42337,579564,5913.92
759,1,2.11026,309315,5623.91
760,0,2.16682,316338,5648.89
761,0,2.11159,300725,5674.06
762,0,2.13578,307972,5922.54
763,0,2.15228,316954,5869.52
764,0,2.15228,322931,5980.2
765,0,2.23794,331292,5812.14
766,0,2.34126,344876,5845.36
767,0,2.42075,368038,5936.1
768,0,2.61229,391621,5845.09
769,0,2.50606,378790,6012.54
770,0,2.59957,377426,5806.55
771,0,2.70919,394337,5974.8
772,0,2.84009,411695,5798.52
773,0,2.89514,409952,5773.97
774,0,2.97321,414553,5678.81
775,0,3.08228,420791,5844.32
776,0,3.07338,451072,5782.97
777,0,3.14024,470914,5813.75
778,0,3.21613,454133,5897.83
779,0,3.29943,457033,5642.38
780,0,3.44854,510686,5803.25
781,0,3.58315,491886,5719.6
782,0,3.60926,495227,5895.56
783,0,3.79351,523187,5625.67
784,0,3.77896,522018,5865.37
785,0,3.98905,544768,5857.72
786,0,4.13209,527486,5796.55
787,0,4.06078,563873,5873.68
788,1,2.08282,281897,5637.94
789,0,2.03902,280349,5721.41
790,0,2.03077,286327,5614.25
791,0,1.99986,274949,5728.1
792,0,2.03836,275614,5864.13
793,0,2.02773,295196,5903.92
794,0,2.12669,297019,5823.9
795,0,2.01817,297610,5723.27
796,0,2.32771,351944,5676.52
797,0,2.21813,309693,5955.63
798,0,2.35389,333913,5962.73
799,0,2.37542,375194,5862.41
800,0,2.35266,334222,6076.76
801,0,2.44604,338780,5943.51
802,0,2.52785,370326,5878.19
803,0,2.52894,374050,5937.3
804,0,2.74543,396831,5835.75
805,0,2.73188,390557,6102.45
806,0,2.7576,415571,6111.34
807,0,2.8451,411146,6046.26
808,0,3.09463,435037,5959.41
809,0,3.22002,441455,5965.61
810,0,3.14013,437712,6079.33
811,0,3.24429,451874,5793.26
812,0,3.25098,437357,5910.23
813,0,3.49669,466735,5834.19
814,0,3.40268,432631,5926.45
815,0,3.71449,481395,5663.47
816,0,3.53598,455998,5846.13
817,0,3.83273,517217,5746.86
818,0,3.8634,512131,5690.34
819,0,3.96722,493462,5671.98
820,1,1.88126,252514,5153.35
821,0,1.80119,246432,5476.27
822,0,1.98948,257994,5374.88
823,0,1.95064,259178,5399.54
824,0,1.94528,254671,5418.53
825,0,1.84546,255732,5559.39
826,0,1.95633,259979,5531.47
827,0,2.0457,293101,5329.11
828,0,2.02637,277046,5540.92
829,0,2.32873,327119,5276.11
830,0,2.20738,295937,5480.31
831,0,2.29881,317978,5482.38
832,0,2.26283,290418,5280.33
833,0,2.36768,311278,5275.9
834,0,2.45151,308569,5229.98
835,0,2.65245,335467,5161.03
836,0,2.58936,330857,5090.11
837,0,2.49701,298541,5331.09
838,0,2.81687,375222,5211.42
839,0,2.7852,353516,5356.3
840,0,2.76565,350098,5470.28
841,0,2.90205,374378,5348.26
842,0,2.96498,360759,5305.28
843,0,3.01251,375819,5219.71
844,0,3.18929,394427,5259.03
845,0,3.28854,383227,5397.56
846,0,3.18335,378064,5400.91
847,0,3.29648,379885,5203.9
848,0,3.50102,431462,5261.73
849,0,3.65936,422482,5281.02
850,0,3.77617,466539,5301.58
851,0,3.91322,439887,5430.7
852,0,3.97319,458000,5325.58
853,0,4.15157,475733,5345.31
854,1,1.99845,222485,5056.48
855,0,1.91607,228405,4965.33
856,0,2.01176,246029,4824.1
857,0,2.12469,241671,4932.06
858,0,2.01978,246331,4926.62
859,0,2.07242,227679,5059.53
860,0,2.05928,252819,4957.24
861,0,2.00908,226014,5136.68
862,0,2.15649,271968,4944.87
863,0,2.10838,250419,5008.38
864,0,2.32894,301478,4942.26
865,0,2.27708,276651,5123.17
866,0,2.32465,254006,4980.51
867,0,2.3446,294109,4984.9
868,0,2.39423,292001,5034.5
869,0,2.65771,303524,4975.8
870,0,2.52388,296609,5027.27
871,0,2.55516,290012,5087.93
872,0,2.78285,314293,4910.83
873,0,2.8369,325387,4856.52
874,0,2.90293,305997,5016.34
875,0,2.87723,330419,4931.63
876,0,3.02887,333171,4828.57
877,0,3.07651,360626,4873.32
878,0,2.96534,340333,4861.9
879,0,3.15487,369256,4989.95
880,0,3.23033,386120,5080.53
881,0,3.30699,376704,4956.63
882,0,3.52073,395627,4884.28
883,0,3.53637,385775,5075.99
884,0,3.75591,445011,4944.57
885,0,3.74956,395386,5134.88
886,0,4.05308,445135,5175.99
887,0,4.16576,461628,5072.84
888,1,1.89983,212068,4931.81
889,0,1.95203,232535,4745.61
890,0,1.89302,232731,4749.61
891,0,2.03423,250507,4726.55
892,0,2.11543,244728,4617.51
893,0,1.99335,216160,4599.15
894,0,2.04651,242190,4748.82
895,0,2.06544,243457,4681.87
896,0,2.19249,261292,4665.93
897,0,2.07677,247930,4861.37
898,0,2.14421,258612,4879.47
899,0,2.24649,274002,4724.17
900,0,2.28165,259964,4814.15
901,0,2.26676,265337,4913.65
902,0,2.40689,284871,4670.02
903,0,2.40919,280224,4670.4
904,0,2.50606,304724,4836.89
905,0,2.52536,298712,4741.46
906,0,2.59957,307091,4724.48
907,0,2.60295,315639,4855.98
908,0,2.65564,322869,4967.22
909,0,2.7873,338819,4840.27
910,0,2.7902,338585,4979.19
911,0,2.82462,343509,4978.39
912,0,2.97127,356051,4684.88
913,0,3.05993,377643,4605.4
914,0,3.14333,383332,4791.65
915,0,2.9966,374944,4806.97
916,0,3.21065,406500,4782.35
917,0,3.36031,416599,4788.49
918,0,3.46585,412159,4848.93
919,0,3.20687,393749,5048.06
920,0,3.56799,473404,4880.45
921,0,3.66203,438178,5095.09
922,0,3.80691,455835,5009.18
923,0,4.0175,468928,4936.08
924,0,4.02863,457768,4818.61
925,0,4.16258,486840,4917.58
926,0,4.15801,491339,5065.35
927,0,4.36334,497833,4929.04
928,0,4.60391,519574,4995.9
929,1,1.9452,232383,4944.32
930,0,2.21329,251587,4746.92
931,0,2.25481,228240,4755
932,0,2.35448,258975,4886.32
933,0,2.31772,264603,4642.16
934,0,2.23879,249353,4795.25
935,0,2.22898,272976,4963.2
936,0,2.4112,285405,4837.37
937,0,2.28514,267770,4958.7
938,0,2.51614,301070,4855.97
939,0,2.42827,300668,5096.07
940,0,2.56884,314543,4914.73
941,0,2.69223,326458,4800.85
942,0,2.6677,324386,4770.38
943,0,2.82529,320652,4785.85
944,0,2.8485,355176,4799.68
945,0,2.82453,313402,4974.63
946,0,2.9187,339362,4779.75
947,0,3.03595,364104,4920.32
948,0,3.11386,389533,4869.16
949,0,3.27951,393724,5047.74
950,0,3.22893,400271,5003.39
951,0,3.34834,420971,5071.94
952,0,3.59958,425343,5004.04
953,0,3.63793,418095,5098.72
954,0,3.72372,429838,4884.52
955,0,3.87139,444199,4991
956,0,3.9852,460875,5064.56
957,0,4.17457,509089,5040.49
958,0,4.14256,454324,4992.57
959,0,4.37394,494080,5093.61
960,0,4.43376,537219,5215.72
961,1,2.31514,254780,4899.62
962,0,2.37631,281689,4856.71
963,0,2.05313,258586,4972.81
964,0,2.14579,268350,4969.44
965,0,2.17252,269351,4987.98
966,0,2.30957,281550,4854.31
967,0,2.24204,275805,5014.64
968,0,2.36228,288191,5146.27
969,0,2.40201,314800,4843.08
970,0,2.48964,304747,5079.12
971,0,2.48372,300145,5087.2
972,0,2.55006,318159,4971.23
973,0,2.67748,366528,5020.93
974,0,2.83585,357035,5028.66
975,0,2.73296,352170,5031
976,0,2.93589,387520,5166.93
977,0,2.91267,365592,5222.74
978,0,2.97649,382261,5165.69
979,0,3.07859,365788,5151.94
980,0,3.0707,373943,4985.91
981,0,3.26528,415518,4946.64
982,0,3.30025,429140,5108.81
983,0,3.55694,425318,4945.56
984,0,3.54435,434433,5051.55
985,0,3.73208,463003,5144.48
986,0,3.6802,449183,5047
987,0,3.76343,463482,5093.21
988,0,3.96198,500975,5164.69
989,0,4.13037,509990,5151.41
990,0,4.33483,519947,5097.52
991,0,4.30906,470314,5112.11
992,1,2.2189,273977,4892.45
993,0,2.02121,258542,5069.45
994,0,2.15903,270025,4821.88
995,0,2.33432,273625,4886.16
996,0,2.26711,275713,4753.67
997,0,2.11345,251423,5131.08
998,0,2.20241,278776,4978.14
999,0,2.2168,277929,5053.25
1000,0,2.25302,286722,4943.48
1001,0,2.32771,310649,5010.47
1002,0,2.38171,291882,5032.45
1003,0,2.53736,315030,5081.13
1004,0,2.5526,334552,4993.31
1005,0,2.56412,329040,4985.45
1006,0,2.74836,359625,4926.37
1007,0,2.81847,375083,4935.3
1008,0,2.65487,346736,5099.06
1009,0,3.05478,390898,4948.08
1010,0,2.95134,370827,5079.82
1011,0,3.05193,391177,5080.22
1012,0,3.24108,422100,4965.88
1013,0,3.26378,376512,5020.16
1014,0,3.35562,409771,4997.21
1015,0,3.41607,411698,5082.69
1016,0,3.54632,416998,5024.07
1017,0,3.54061,420525,5128.35
1018,0,3.78308,455203,5232.22
1019,0,3.97148,475859,5229.22
1020,0,3.96103,461411,5070.45
1021,0,4.02663,488125,5138.16
1022,0,4.23096,514204,5246.98
1023,0,4.286,468307,5203.41
1024,1,2.21379,251165,4738.96
1025,0,2.22839,251879,5037.58
1026,0,2.28591,271386,4761.16
1027,0,2.26882,263951,4887.98
1028,0,2.15228,272017,5037.35
1029,0,2.28827,313436,4897.44
1030,0,2.37711,311342,5189.03
1031,0,2.34759,285890,5198
1032,0,2.375,299060,5246.67
1033,0,2.49974,322966,5209.13
1034,0,2.47491,328932,5221.14
1035,0,2.55371,334766,5313.75
1036,0,2.60426,330651,5248.43
1037,0,2.68755,371819,5236.89
1038,0,2.49745,316420,5187.21
1039,0,2.96547,368838,5194.9
1040,0,2.89854,366480,5235.43
1041,0,2.97108,418843,5301.81
1042,0,3.15331,419671,5245.89
1043,0,3.06718,388876,5050.34
1044,0,3.25411,441317,5191.96
1045,0,3.26518,451808,5134.18
1046,0,3.55117,480677,5168.57
1047,0,3.57657,453959,5404.27
1048,0,3.71803,468923,5268.8
1049,0,3.974,492397,5410.96
1050,0,3.94717,488804,5371.47
1051,0,4.00036,473063,5375.72
1052,0,4.18365,519582,5356.52
1053,0,4.32335,499160,5310.21
1054,0,4.50925,525995,5422.63
1055,1,2.14035,278051,5149.09
1056,0,2.46158,279733,5277.98
1057,0,2.3383,284306,5264.93
1058,0,2.47783,311374,5189.57
1059,0,2.66638,308677,5060.28
1060,0,2.44515,302290,5123.56
1061,0,2.45986,311024,5271.59
1062,0,2.48017,321909,5277.2
1063,0,2.62541,334912,5074.42
1064,0,2.70977,336672,5179.57
1065,0,2.7207,344945,5226.44
1066,0,2.9261,380935,5290.76
1067,0,2.84959,365429,5373.96
1068,0,2.93943,376453,5302.15
1069,0,2.97419,385844,5358.94
1070,0,3.08669,407141,5287.55
1071,0,3.00696,403100,5447.3
1072,0,3.17656,419841,5314.44
1073,0,3.26533,427497,5411.35
1074,0,3.25863,421345,5401.86
1075,0,3.34988,444648,5293.43
1076,0,3.46473,430389,5313.44
1077,0,3.51572,454370,5345.53
1078,0,3.6097,458823,5462.18
1079,0,3.66376,477222,5302.47
1080,0,3.68074,507985,5236.96
1081,0,3.85374,545809,5248.16
1082,0,4.00564,536995,5213.54
1083,0,4.16902,587800,5295.5
1084,0,4.37606,571842,5105.73
1085,0,4.22114,596402,5421.84
1086,0,4.47028,610152,5399.58
1087,0,4.47333,604215,5300.13
1088,0,4.62649,639626,5514.02
1089,0,4.97223,661618,5423.1
1090,1,2.40396,322014,5193.77
1091,0,2.33436,315223,5342.76
1092,0,2.41527,325595,5251.53
1093,0,2.53604,341464,5253.29
1094,0,2.56546,350213,5306.26
1095,0,2.38173,322025,5458.05
1096,0,2.45419,346061,5324.02
1097,0,2.52089,345376,5396.5
1098,0,2.59766,355823,5474.2
1099,0,2.65492,354907,5545.42
1100,0,2.75062,369493,5514.82
1101,0,2.91715,426099,5260.48
1102,0,2.85261,415203,5255.73
1103,0,3.03637,398900,5180.52
1104,0,2.93925,399351,5324.68
1105,0,2.98928,426379,5466.4
1106,0,3.14597,422417,5485.94
1107,0,3.22698,468242,5382.09
1108,0,3.21054,434033,5293.09
1109,0,3.51185,465790,5293.07
1110,0,3.52322,456946,5375.84
1111,0,3.64306,497669,5294.35
1112,0,3.7339,487454,5356.64
1113,0,3.82239,541715,5208.8
1114,0,3.94646,530365,5467.68
1115,0,4.11572,554614,5437.39
1116,0,4.25985,562655,5308.07
1117,0,4.30439,575471,5428.97
1118,0,4.52927,607288,5422.21
1119,0,4.61154,617559,5370.08
1120,0,4.78579,621630,5358.88
1121,0,4.80278,606551,5320.62
1122,0,5.10165,656746,5212.27
1123,1,2.33354,294018,5069.28
1124,0,2.4595,312924,4889.44
1125,0,2.43585,302819,5046.98
1126,0,2.4089,312999,5216.65
1127,0,2.4951,332318,5274.89
1128,0,2.51216,346792,5099.88
1129,0,2.5747,347863,5270.65
1130,0,2.77257,372203,5394.25
1131,0,2.76328,385482,5280.58
1132,0,2.83442,377100,5465.22
1133,0,2.89884,417699,5424.66
1134,0,2.97548,386620,5445.35
1135,0,3.08522,426325,5396.52
1136,0,3.16523,430508,5449.47
1137,0,3.20036,441936,5524.2
1138,0,3.3035,466821,5624.35
1139,0,3.56026,494976,5499.73
1140,0,3.75384,510624,5490.58
1141,0,3.69098,497192,5346.15
1142,0,3.87759,527842,5441.67
1143,0,3.96324,553655,5427.99
1144,0,4.20272,529417,5632.1
1145,0,4.42054,555785,5502.82
1146,1,1.97285,262781,5255.62
1147,0,2.10837,286219,5300.35
1148,0,2.04053,275833,5304.48
1149,0,2.06937,283392,5449.85
1150,0,2.15228,300715,5568.8
1151,0,2.15228,296898,5498.11
1152,0,2.13556,287006,5519.35
1153,0,2.34126,321536,5449.76
1154,0,2.41192,316331,5361.54
1155,0,2.47527,356853,5326.16
1156,0,2.58244,342238,5347.47
1157,0,2.58236,335159,5405.79
1158,0,2.59382,351185,5402.85
1159,0,2.71678,384502,5415.52
1160,0,2.78633,381304,5526.14
1161,0,2.75126,376917,5462.57
1162,0,2.85395,416748,5412.31
1163,0,2.95661,388742,5399.19
1164,0,2.97098,408618,5675.25
1165,0,3.13148,422211,5705.55
1166,0,3.16331,411985,5493.13
1167,0,3.29939,456103,5429.8
1168,0,3.52623,472884,5498.65
1169,0,3.58041,469367,5655.02
1170,0,3.59639,474569,5717.7
1171,0,3.67669,497335,5782.97
1172,0,3.91367,526653,5602.69
1173,0,4.02174,540811,5575.37
1174,0,4.11089,525828,5654.06
1175,0,4.27339,550914,5738.69
1176,0,4.32407,524783,5642.83
1177,1,2.08956,284005,5461.63
1178,0,2.13428,286397,5303.65
1179,0,1.99905,267584,5574.67
1180,0,2.25752,264514,5510.71
1181,0,2.28833,302748,5504.51
1182,0,2.27057,312435,5579.2
1183,0,2.25165,309346,5524.04
1184,0,2.42108,331817,5439.62
1185,0,2.42425,339606,5390.57
1186,0,2.42827,333351,5650.02
1187,0,2.52894,337256,5353.27
1188,0,2.65339,359150,5360.45
1189,0,2.92125,401597,5426.99
1190,0,2.77985,406393,5567.03
1191,0,2.89037,393228,5461.5
1192,0,3.00398,394962,5485.58
1193,0,3.08082,418727,5509.57
1194,0,3.20198,416474,5339.41
1195,0,3.22517,421344,5401.85
1196,0,3.25412,429275,5503.53
1197,0,3.37729,470998,5541.15
1198,0,3.39667,447320,5455.12
1199,0,3.48491,448610,5404.94
1200,0,3.65653,468148,5319.86
1201,0,3.93342,480883,5403.18
1202,0,4.09566,502229,5400.31
1203,0,4.11493,500155,5496.21
1204,1,1.79089,214699,5111.88
1205,0,1.95401,248853,5184.44
1206,0,1.94251,236580,5257.33
1207,0,1.83617,230091,5350.95
1208,0,1.92348,244274,5310.3
1209,0,1.99223,260640,5110.59
1210,0,1.96771,237477,5277.27
1211,0,2.09352,273908,5168.08
1212,0,2.21322,273104,5252
1213,0,2.14862,283353,5346.28
1214,0,2.25781,294028,5250.5
1215,0,2.29437,290200,5374.07
1216,0,2.30854,320148,5426.24
1217,0,2.32648,308718,5416.11
1218,0,2.47497,326786,5187.08
1219,0,2.52659,303992,5428.43
1220,0,2.59715,333826,5298.83
1221,0,2.78435,345848,5240.12
1222,0,2.76892,363926,5274.29
1223,0,2.8903,372881,5178.9
1224,0,2.76292,343680,5207.27
1225,0,3.01251,388451,5249.34
1226,0,3.19108,398577,5109.96
1227,0,3.26723,405791,5270.01
1228,0,3.22138,413197,5164.96
1229,0,3.31099,433587,5161.75
1230,0,3.50617,438898,5224.98
1231,0,3.57257,457452,5198.32
1232,0,3.68895,465541,5060.23
1233,0,3.69257,438197,5216.63
1234,0,3.98684,478872,5149.16
1235,1,1.92141,247333,5047.61
1236,0,1.89458,238938,4977.88
1237,0,1.91483,236154,5133.78
1238,0,1.87268,233627,5191.71
1239,0,1.97748,239797,5102.06
1240,0,2.15847,274300,5079.63
1241,0,2.07677,269390,5282.16
1242,0,2.07181,256141,5336.27
1243,0,2.1804,301637,5291.88
1244,0,2.35247,302743,5311.28
1245,0,2.3757,313741,5143.3
1246,0,2.4032,326277,5262.53
1247,0,2.41882,333488,5210.75
1248,0,2.49282,324425,5318.44
1249,0,2.55539,349312,5458
1250,0,2.81026,375734,5367.63
1251,0,2.79995,382575,5240.75
1252,0,2.84349,382964,5246.08
1253,0,2.84267,368225,5415.07
1254,0,3.00056,387191,5377.65
1255,0,3.06024,404973,5399.64
1256,0,3.06482,411399,5485.32
1257,0,3.11054,420749,5325.94
1258,0,3.34425,467391,5251.58
1259,0,3.25412,420455,5390.45
1260,0,3.3858,431415,5392.69
1261,0,3.5704,470190,5343.07
1262,0,3.67271,489039,5374.05
1263,0,3.71953,482796,5364.4
1264,0,3.87251,505355,5492.99
1265,0,3.93024,479686,5271.27
1266,0,4.0789,504699,5257.28
1267,0,4.08934,528543,5285.43
1268,0,4.38598,550592,5345.55
1269,0,4.38292,535841,5412.54
1270,1,2.24147,276423,4936.12
1271,0,2.20212,271137,5115.79
1272,0,2.16673,274696,5182.94
1273,0,2.06118,262743,5151.82
1274,0,2.26098,292366,5315.75
1275,0,2.28165,286987,5314.57
1276,0,2.20544,279684,5277.06
1277,0,2.35139,312374,5120.89
1278,0,2.39423,299877,5170.29
1279,0,2.59512,327638,5200.6
1280,0,2.47858,315760,5092.9
1281,0,2.72174,320252,5003.94
1282,0,2.81038,373706,5050.08
1283,0,2.78667,352885,5114.28
1284,0,2.91939,359216,5059.38
1285,0,2.97054,331656,4950.09
1286,0,2.97262,374263,4990.17
1287,0,3.15863,375947,5080.36
1288,0,3.17805,386920,5091.05
1289,0,3.11868,359125,5130.36
1290,0,3.31304,394536,5191.26
1291,0,3.47615,437962,5276.65
1292,0,3.49941,414510,5117.41
1293,0,3.64903,435800,5067.44
1294,0,3.74094,430304,5122.67
1295,0,3.82375,457187,5136.93
1296,0,3.98266,425819,5130.35
1297,1,1.91205,203292,4620.27
1298,0,1.7633,205577,4780.86
1299,0,1.79673,204290,4864.05
1300,0,1.87335,218863,4863.62
1301,0,1.88153,227734,4845.4
1302,0,1.96799,231454,4723.55
1303,0,2.04651,248198,4866.63
1304,0,1.92492,229636,4885.87
1305,0,2.09224,264859,5093.44
1306,0,2.11014,258087,5060.53
1307,0,2.18825,269885,5092.17
1308,0,2.33519,295839,5100.67
1309,0,2.32106,303508,5058.47
1310,0,2.27781,286944,5124
1311,0,2.31237,291490,5113.86
1312,0,2.52894,316916,5030.41
1313,0,2.45986,301318,5107.08
1314,0,2.63527,329961,5076.32
1315,0,2.54457,310420,5173.67
1316,0,2.72955,336578,5178.12
1317,0,2.58759,356021,5159.72
1318,0,2.71648,362774,5182.49
1319,0,2.67097,356854,5247.85
1320,0,2.87923,366896,5167.55
1321,0,2.93925,385578,5141.04
1322,0,3.06711,403771,5047.14
1323,0,3.20367,429520,5113.33
1324,0,3.16786,390516,5206.88
1325,0,3.3135,401260,5279.74
1326,0,3.41406,410658,5133.23
1327,0,3.6999,434888,5177.24
1328,0,3.58192,434709,5237.46
1329,0,3.78311,465576,5006.19
1330,0,3.9264,468049,5318.74
1331,1,1.96679,240923,5126.02
1332,0,1.99043,253521,5070.42
1333,0,2.17036,285189,5003.32
1334,0,2.06954,258929,5077.04
1335,0,2.10577,304174,5244.38
1336,0,2.09153,278791,5260.21
1337,0,2.35247,302509,5307.18
1338,0,2.31787,322038,5279.31
1339,0,2.25362,296281,5290.73
1340,0,2.32389,312128,5290.31
1341,0,2.50788,317233,5116.66
1342,0,2.50606,340400,5403.17
1343,0,2.55078,349162,5371.72
1344,0,2.62718,342883,5357.55
1345,0,2.63609,343418,5203.3
1346,0,2.91619,399875,5403.72
1347,0,2.8636,376825,5383.21
1348,0,3.0438,403094,5234.99
1349,0,2.9207,378526,5185.29
1350,0,3.18479,433855,5290.91
1351,0,3.16111,409681,5185.84
1352,0,3.30844,438845,5417.84
1353,0,3.35783,433895,5356.73
1354,0,3.43794,475650,5285
1355,0,3.6866,493351,5304.85
1356,0,3.70964,482560,5422.02
1357,0,3.82443,492059,5348.47
1358,0,3.98421,496658,5173.52
1359,0,4.07932,516716,5272.61
1360,0,4.12674,516460,5379.79
1361,0,4.34615,493858,5427.01
1362,1,1.82894,221522,5274.33
1363,0,1.93406,243424,5071.33
1364,0,1.99335,242624,5162.21
1365,0,2.01146,254755,5095.1
1366,0,2.04744,255266,5209.51
1367,0,2.17395,271988,5230.54
1368,0,2.16633,278927,5262.77
1369,0,2.229,283387,5346.92
1370,0,2.28347,305467,5553.95
1371,0,2.2972,304159,5431.41
1372,0,2.33976,306856,5383.44
1373,0,2.50606,333205,5288.97
1374,0,2.53711,342327,5348.86
1375,0,2.61696,353707,5441.65
1376,0,2.69988,357577,5501.18
1377,0,2.73316,364737,5363.78
1378,0,2.73504,360599,5382.07
1379,0,2.8764,388977,5402.46
1380,0,2.89854,384926,5498.94
1381,0,3.02287,410534,5331.61
1382,0,3.08187,416178,5476.03
1383,0,3.21096,429648,5438.58
1384,0,3.24042,420171,5318.62
1385,0,3.40458,444231,5288.46
1386,0,3.44961,471714,5300.16
1387,0,3.65458,468067,5506.67
1388,0,3.65759,489382,5498.67
1389,0,3.80771,488804,5431.16
1390,0,3.73604,478014,5494.41
1391,0,4.01233,514952,5537.12
1392,0,4.0593,519428,5585.25
1393,0,4.10792,536935,5478.93
1394,0,4.27312,568529,5466.62
1395,0,4.44155,599998,5405.39
1396,0,4.44058,578712,5511.54
1397,1,2.36734,334675,5486.48
1398,0,2.36011,331248,5430.3
1399,0,2.46443,344368,5466.16
1400,0,2.42907,334204,5478.75
1401,0,2.48605,357827,5591.05
1402,0,2.34737,325167,5511.31
1403,0,2.48301,353295,5273.06
1404,0,2.58662,342223,5432.11
1405,0,2.56383,360398,5460.58
1406,0,2.68147,358189,5427.11
1407,0,2.72337,359423,5285.63
1408,0,2.84009,384739,5418.86
1409,0,2.92045,396306,5581.77
1410,0,2.92295,384592,5655.76
1411,0,3.00544,409678,5252.28
1412,0,3.16237,402861,5371.48
1413,0,3.2146,426830,5335.38
1414,0,3.38912,450862,5304.26
1415,0,3.45556,478179,5197.6
1416,0,3.63225,449301,5285.89
1417,0,3.82124,483529,5432.91
1418,0,3.82827,472001,5363.65
1419,0,4.05949,487060,5411.78
1420,0,4.0064,512389,5450.95
1421,0,4.03486,535964,5306.57
1422,1,2.00796,282273,5428.33
1423,0,2.01468,280085,5284.62
1424,0,1.94433,274707,5386.41
1425,0,1.9447,265267,5305.34
1426,0,1.88068,232979,5418.12
1427,0,2.13885,299264,5441.16
1428,0,2.00543,282950,5548.04
1429,0,2.17044,295475,5372.27
1430,0,2.3456,321631,5187.6
1431,0,2.31751,312678,5485.58
1432,0,2.27608,321159,5352.65
1433,0,2.27328,312316,5293.49
1434,0,2.50168,363573,5346.66
1435,0,2.45824,338225,5455.24
1436,0,2.60705,383892,5484.17
1437,0,2.58249,349770,5465.16
1438,0,2.6537,362943,5260.04
1439,0,2.6977,381818,5159.7
1440,0,2.76061,394841,5264.55
1441,0,2.86145,403855,5384.73
1442,0,2.94657,423697,5649.29
1443,0,3.04095,459279,5533.48
1444,0,3.02567,437126,5533.24
1445,0,3.20367,462592,5507.05
1446,0,3.2427,474745,5456.84
1447,0,3.2571,479490,5575.47
1448,0,3.38071,487978,5545.2
1449,0,3.51843,532419,5488.86
1450,0,3.4693,512826,5698.07
1451,0,3.75339,544327,5729.76
1452,0,3.75856,525014,5526.46
1453,0,3.85629,573871,5465.44
1454,0,4.12344,569303,5693.03
1455,0,4.16725,562007,5734.77
1456,1,1.86073,268386,5591.38
1457,0,1.9495,276948,5430.35
1458,0,2.1889,309992,5535.57
1459,0,2.1297,308173,5603.15
1460,0,2.16686,311807,5567.98
1461,0,2.32581,332740,5545.67
1462,0,2.20779,317183,5564.61
1463,0,2.18582,314399,5716.35
1464,0,2.1889,328089,5858.73
1465,0,2.30579,346982,5783.03
1466,0,2.3446,365506,5711.03
1467,0,2.49675,401176,5899.65
1468,0,2.68642,417630,5882.11
1469,0,2.50659,391214,6018.68
1470,0,2.71461,443265,5756.69
1471,0,2.63647,438102,5841.36
1472,0,2.65559,435455,5965.14
1473,0,2.88659,449885,5919.54
1474,0,2.7936,443484,5759.53
1475,0,3.03658,492241,5657.94
1476,0,3.06349,478097,5559.27
1477,0,3.13056,515959,5732.88
1478,0,3.21757,502543,5912.27
1479,0,3.30904,560874,5966.74
1480,0,3.36575,567688,6039.23
1481,0,3.64264,583854,5957.69
1482,0,3.6309,602225,5962.62
1483,0,3.93105,649320,6068.41
1484,0,3.93732,655285,6067.45
1485,0,4.10821,671280,5940.53
1486,0,4.36139,688401,5934.49
1487,0,4.52055,715634,6013.73
1488,1,2.20936,310318,5746.63
1489,0,2.14224,331530,5920.18
1490,0,2.28077,343127,6127.27
1491,0,2.35481,353557,5992.49
1492,0,2.2652,341422,6096.82
1493,0,2.16237,339119,6279.98
1494,0,2.29023,364091,6277.43
1495,0,2.37405,391457,6213.6
1496,0,2.51854,419478,6260.87
1497,0,2.5426,372022,6000.35
1498,0,2.75633,425691,6081.3
1499,0,2.72031,417063,6224.82
1500,0,2.89307,446280,6113.42
1501,0,2.87498,453781,6216.18
1502,0,3.1386,476115,6026.77
1503,0,3.13505,503273,6137.48
1504,0,3.1998,506459,5958.34
1505,0,3.28806,535713,5952.37
1506,0,3.40165,522273,5934.92
1507,0,3.47615,535128,5945.87
1508,0,3.66487,574652,5804.57
1509,0,3.82064,556265,5917.71
1510,0,4.13814,587518,5934.53
1511,0,4.22178,585767,5977.21
1512,0,4.25552,591868,5860.08
1513,0,4.50052,616459,6103.55
1514,0,4.60464,642539,5894.85
1515,1,2.23557,307086,5686.78
1516,0,2.32644,304495,5437.41
1517,0,2.18559,291451,5604.83
1518,0,2.3836,306954,5580.98
1519,0,2.19779,313228,5800.52
1520,0,2.31312,333262,5745.9
1521,0,2.44118,346297,5771.62
1522,0,2.50041,354353,5809.07
1523,0,2.52117,357051,5758.89
1524,0,2.49736,357292,5582.69
1525,0,2.45986,336972,5711.39
1526,0,2.83576,364455,5439.63
1527,0,2.7803,376488,5456.35
1528,0,3.06529,412213,5570.45
1529,0,3.02494,389156,5481.07
1530,0,3.12152,406985,5499.8
1531,0,3.19376,431077,5672.07
1532,0,3.30006,432556,5617.61
1533,0,3.47056,442054,5390.9
1534,0,3.46473,440574,5439.19
1535,0,3.62628,443618,5344.8
1536,0,3.82427,490541,5450.46
1537,0,3.91677,519752,5649.48
1538,0,4.03012,485519,5580.68
1539,0,4.15207,525167,5528.07
1540,0,4.18299,491595,5586.31
1541,0,4.40154,544755,5502.58
1542,1,2.05345,232415,5282.16
1543,0,1.84426,226816,5274.79
1544,0,2.01929,257250,5044.12
1545,0,1.92348,240960,5238.26
1546,0,2.06855,259289,5401.85
1547,0,1.99986,253452,5280.25
1548,0,2.2168,285462,5190.22
1549,0,2.24317,277313,5332.94
1550,0,2.23794,291849,5120.16
1551,0,2.28714,303296,5140.61
1552,0,2.35829,315500,5172.13
1553,0,2.28556,308373,5226.66
1554,0,2.55209,323297,5051.52
1555,0,2.5966,358723,5275.34
1556,0,2.73851,349110,5289.55
1557,0,2.69151,347933,5193.03
1558,0,2.70136,353207,5194.22
1559,0,2.88228,374245,5271.06
1560,0,2.93209,394326,5121.12
1561,0,2.89026,389220,5189.6
1562,0,3.02343,377185,5388.36
1563,0,3.19037,384484,5126.45
1564,0,3.27951,408581,5238.22
1565,0,3.37913,405825,5137.03
1566,0,3.37913,407345,5156.27
1567,0,3.65458,430191,5061.07
1568,0,3.56828,426184,5134.75
1569,0,3.81629,474681,5104.1
1570,0,3.90436,473757,5149.53
1571,0,3.99084,463959,5213.02
1572,0,4.24416,539345,5186.01
1573,0,4.26182,503839,5038.39
1574,1,2.08757,230994,4914.77
1575,0,2.03452,242031,5042.31
1576,0,2.06723,255724,5014.2
1577,0,2.21286,269824,4818.29
1578,0,2.11472,245477,5114.1
1579,0,2.0849,266203,4840.05
1580,0,2.22184,238275,4964.06
1581,0,2.13302,253207,4869.37
1582,0,2.38695,296464,5024.81
1583,0,2.27411,280093,5092.6
1584,0,2.26228,285084,5001.47
1585,0,2.33519,293172,5054.69
1586,0,2.48624,301893,5116.83
1587,0,2.52615,308909,5148.48
1588,0,2.6265,310245,5003.95
1589,0,2.67327,336366,5096.45
1590,0,2.58236,318488,5136.9
1591,0,2.8373,363159,5114.92
1592,0,2.76121,348058,5194.9
1593,0,3.00398,373990,5194.31
1594,0,3.08876,393917,5323.2
1595,0,3.27951,398016,5102.77
1596,0,3.16924,380087,4936.19
1597,0,3.26992,418876,5108.24
1598,0,3.34603,411380,5016.83
1599,0,3.25216,421004,5262.55
1600,0,3.44403,473257,5200.63
1601,0,3.58828,437433,5334.55
1602,0,3.68001,473599,5262.21
1603,0,3.81004,494508,5260.72
1604,0,3.84888,479483,5269.04
1605,0,3.94673,501520,5451.3
1606,0,4.13573,545622,5099.27
1607,0,4.25703,522178,5328.35
1608,0,4.33113,549481,5440.41
1609,0,4.5982,608062,5381.08
1610,1,2.4066,318860,5227.21
1611,0,2.45046,317759,5295.98
1612,0,2.43349,323215,5213.15
1613,0,2.47858,327915,5288.95
1614,0,2.38947,315117,5340.97
1615,0,2.47858,334421,5393.89
1616,0,2.67231,367944,5410.94
1617,0,2.59967,363019,5338.51
1618,0,2.52368,340879,5588.18
1619,0,2.63759,365151,5369.87
1620,0,2.85897,397383,5370.04
1621,0,2.7718,386960,5608.12
1622,0,3.0311,441183,5380.28
1623,0,3.02087,446020,5373.73
1624,0,3.08473,437210,5331.83
1625,0,3.19175,474937,5522.52
1626,0,3.37719,495075,5500.83
1627,0,3.31716,494934,5379.72
1628,0,3.32624,447848,5461.56
1629,0,3.59127,457128,5507.57
1630,0,3.53054,462493,5640.16
1631,0,3.77178,528963,5568.03
1632,0,3.98439,553195,5423.48
1633,0,3.94678,548584,5378.27
1634,0,4.07294,593352,5545.35
1635,0,4.2408,613356,5575.96
1636,0,4.48471,623379,5616.03
1637,1,2.17861,276716,5534.32
1638,0,2.09207,275352,5619.43
1639,0,2.14136,270091,5626.9
1640,0,2.17861,286221,5724.42
1641,0,2.15734,304185,5530.64
1642,0,2.19128,319711,5608.96
1643,0,2.2824,331646,5621.12
1644,0,2.24707,332944,5740.41
1645,0,2.24512,335891,5791.22
1646,0,2.32389,342988,5813.36
1647,0,2.38785,340518,5675.3
1648,0,2.38785,348080,5801.33
1649,0,2.55209,349786,5465.41
1650,0,2.68089,377108,5311.38
1651,0,2.67859,382567,5625.99
1652,0,2.74062,423371,5644.95
1653,0,2.72742,408358,5671.64
1654,0,2.85835,423815,5504.09
1655,0,2.96787,455699,5625.91
1656,0,3.10514,460888,5552.87
1657,0,3.10855,474979,5722.64
1658,0,3.20644,471368,5679.13
1659,0,3.37746,454842,5546.85
1660,0,3.33993,459375,5602.13
1661,0,3.34877,503606,5595.62
1662,0,3.50181,502402,5644.97
1663,0,3.72357,493668,5674.34
1664,0,3.87475,519913,5590.46
1665,0,3.93004,534298,5624.19
1666,0,4.19564,538018,5663.35
1667,0,4.23982,537759,5660.62
1668,1,1.97925,269689,5288.02
1669,0,2.20338,290461,5378.91
1670,0,2.15504,283737,5353.53
1671,0,2.17722,299142,5248.11
1672,0,2.19968,270962,5210.81
1673,0,2.30681,282010,5127.45
1674,0,2.11014,274579,5383.9
1675,0,2.36368,317531,5121.47
1676,0,2.56807,325592,5168.13
1677,0,2.4222,331789,5184.2
1678,0,2.5716,340537,5159.65
1679,0,2.5647,338398,5050.72
1680,0,2.6015,338496,5052.18
1681,0,2.81127,376586,4955.08
1682,0,2.7893,361779,4955.88
1683,0,2.85121,379872,5203.73
1684,0,3.01688,416665,5341.86
1685,0,3.20669,444178,5164.86
1686,0,3.20256,436314,5015.1
1687,0,3.23369,439370,5108.95
1688,0,3.3892,443476,5097.43
1689,0,3.51509,476171,5175.77
1690,0,3.52676,483025,5138.56
1691,0,3.88895,525031,5147.36
1692,0,3.9325,532180,5321.8
1693,0,3.77876,486085,5226.72
1694,0,4.13823,544114,5231.87
1695,0,4.22856,536975,5479.34
1696,0,4.2434,553702,5273.35
1697,0,4.40057,574886,5372.77
1698,1,2.26414,302832,5312.84
1699,0,2.28246,313696,5228.27
1700,0,2.38534,327240,5278.06
1701,0,2.51027,328725,5217.86
1702,0,2.33674,319807,5330.12
1703,0,2.40709,338688,5376
1704,0,2.33177,325561,5337.07
1705,0,2.50972,343617,5369.02
1706,0,2.42003,346153,5408.64
1707,0,2.56327,336171,5336.05
1708,0,2.63255,361143,5233.96
1709,0,2.8015,398838,5317.84
1710,0,2.74335,399954,5478.82
1711,0,2.81504,410422,5472.29
1712,0,2.88635,391920,5520
1713,0,2.98565,411745,5718.68
1714,0,3.12441,424868,5664.91
1715,0,3.15038,444791,5559.89
1716,0,3.19643,458221,5588.06
1717,0,3.48451,448736,5342.1
1718,0,3.40006,487037,5352.05
1719,0,3.58955,480543,5399.36
1720,0,3.7134,488150,5423.89
1721,0,3.83332,553386,5372.68
1722,0,4.00959,523188,5449.88
1723,0,4.05362,551623,5304.07
1724,0,4.24026,592449,5435.31
1725,0,4.36609,625911,5395.78
1726,0,4.47318,590190,5515.79
1727,0,4.55189,595996,5622.6
1728,0,4.69046,616344,5814.57
1729,0,4.82745,611771,5664.55
1730,1,2.26942,305975,5186.02
1731,0,2.39889,343776,5130.99
1732,0,2.34667,306057,5369.42
1733,0,2.42811,325254,5420.9
1734,0,2.31839,317412,5472.62
1735,0,2.3551,308552,5413.19
1736,0,2.48275,334142,5389.39
1737,0,2.49714,355203,5464.66
1738,0,2.50723,357441,5415.77
1739,0,2.67232,375831,5446.83
1740,0,2.71187,362541,5411.06
1741,0,2.60478,354181,5448.94
1742,0,2.82009,376194,5298.51
1743,0,2.77441,391520,5514.37
1744,0,2.99751,398532,5459.34
1745,0,3.16513,409988,5540.38
1746,0,3.13732,468305,5382.82
1747,0,3.20593,432808,5478.58
1748,0,3.22875,470621,5409.44
1749,0,3.51256,464390,5528.45
1750,0,3.38394,481142,5346.02
1751,0,3.64415,515888,5430.4
1752,0,3.70989,506038,5441.27
1753,0,3.84097,516991,5442.01
1754,0,3.9782,540045,5455
1755,0,4.00337,543979,5550.81
1756,0,4.16728,547201,5417.83
1757,0,4.22164,557127,5305.97
1758,0,4.31808,572187,5501.8
1759,0,4.54388,606634,5416.38
1760,0,4.77884,631349,5396.15
1761,0,4.9031,675585,5361.79
1762,0,5.12263,664519,5316.15
1763,0,5.25062,667201,5295.25
1764,0,5.39927,696865,5487.13
1765,1,2.43062,289312,5166.29
1766,0,2.56456,325272,4854.81
1767,0,2.47131,307958,4967.06
1768,0,2.50177,267490,5046.98
1769,0,2.46125,313546,4976.92
1770,0,2.56292,285014,5182.07
1771,0,2.6265,309725,4995.56
1772,0,2.54645,293711,5152.82
1773,0,2.58978,323492,5054.56
1774,0,2.7153,330692,5087.57
1775,0,2.75991,316208,5100.13
1776,0,2.73548,324082,5227.13
1777,0,2.93714,376964,5163.89
1778,0,2.90805,348181,5196.73
1779,0,3.07548,384931,5064.88
1780,0,3.08353,380000,5135.14
1781,0,3.1953,404014,5114.1
1782,0,3.20723,428202,5159.06
1783,0,3.23875,406999,5151.89
1784,0,3.40372,444912,5055.82
1785,0,3.45447,445328,5178.23
1786,0,3.45941,452742,5144.8
1787,0,3.56155,456793,5250.49
1788,0,3.5914,460895,5237.44
1789,0,3.76901,497871,5471.11
1790,0,3.98872,515572,5207.8
1791,0,4.1088,516022,5160.22
1792,0,4.12272,540504,5197.15
1793,0,4.2395,524925,5146.32
1794,0,4.30239,550346,5291.79
1795,0,4.23214,539640,5290.59
1796,0,4.70696,611323,5137.17
1797,0,4.77053,584269,5170.52
1798,0,4.95039,633625,5236.57
1799,0,5.01092,602507,5477.34
1800,0,4.96886,598902,5444.56
1801,1,2.34103,266109,5020.92
1802,0,2.50591,299229,4905.39
1803,0,2.38604,272325,4951.36
1804,0,2.25633,244492,5093.58
1805,0,2.4323,287325,4869.92
1806,0,2.39596,271875,4854.91
1807,0,2.48976,272636,4957.02
1808,0,2.60478,301824,4947.93
1809,0,2.69422,308511,4975.98
1810,0,2.84072,314474,4913.66
1811,0,2.82791,312357,5205.95
1812,0,2.84193,350368,4934.76
1813,0,2.9141,341714,5100.21
1814,0,3.06346,326565,4947.95
1815,0,3.22109,367699,4775.31
1816,0,3.2008,367823,4970.58
1817,0,3.23042,372144,5028.97
1818,0,3.42846,426137,4898.13
1819,0,3.49302,413004,5098.81
1820,0,3.42595,443316,4981.08
1821,0,3.60484,429152,5048.85
1822,0,3.73762,446618,5193.23
1823,0,3.89254,469923,4999.18
1824,0,3.8794,468867,5096.38
1825,0,4.13603,476514,5015.94
1826,0,4.04906,507688,5026.61
1827,0,4.20804,483100,4980.41
1828,0,4.33233,522134,4834.57
1829,0,4.44102,509229,4943.97
1830,0,4.55024,565348,4832.03
1831,0,4.69703,570932,4879.76
1832,0,4.84791,613214,4985.48
1833,0,4.78069,588603,4946.24
1834,0,5.04919,598184,4903.15
1835,0,5.04989,613732,4832.54
1836,0,5.17232,627918,4983.48
1837,0,5.35061,643933,4953.33
1838,0,5.42834,654698,4885.81
1839,0,5.79516,670535,4789.54
1840,0,5.84374,689667,4723.75
1841,0,5.54568,696661,4940.86
1842,0,6.21615,729267,4927.48
1843,0,6.35116,740496,4839.84
1844,0,6.54504,738437,4733.57
1845,0,6.7382,759477,4630.96
1846,0,6.57747,759580,4631.59
1847,0,6.98993,856671,4812.76
1848,0,6.88977,815536,4797.27
1849,0,7.09686,847611,4815.97
1850,0,7.54415,918587,4860.25
1851,0,7.51924,902563,4986.54
1852,0,7.69101,939302,4917.81
1853,0,8.09153,961242,4854.76
1854,0,7.98309,975789,5055.9
1855,0,8.37677,1.00386e+06,4945.12
1856,0,8.71301,1.04703e+06,5033.8
1857,0,8.47433,1.03513e+06,4976.58
1858,0,9.173,1.12694e+06,5008.62
1859,0,9.18599,1.1248e+06,5043.96
1860,0,9.45164,1.2086e+06,5078.15
1861,0,9.64947,1.18607e+06,5134.48
1862,0,10.1108,1.25742e+06,5070.22
1863,0,10.6515,1.27476e+06,5245.91
1864,0,10.5872,1.29064e+06,5267.91
1865,0,11.2291,1.35031e+06,5114.83
1866,0,11.4314,1.36161e+06,5277.55
1867,0,11.7831,1.42692e+06,5060.01
1868,0,12.5169,1.50254e+06,5235.34
1869,0,12.3579,1.54014e+06,5203.17
1870,0,12.8971,1.56897e+06,5144.16
1871,0,13.174,1.59722e+06,5202.66
1872,0,13.8026,1.71012e+06,5245.77
1873,0,13.7781,1.69237e+06,5207.29
1874,0,14.2637,1.77531e+06,5283.65
1875,1,3.3697,374760,4804.62
1876,0,3.4418,383716,4857.16
1877,0,3.51147,380731,4759.14
1878,0,3.49007,404935,4708.55
1879,0,3.357,382157,4717.99
1880,0,4.00445,438510,4715.16
1881,0,3.68669,409717,4936.35
1882,0,3.91619,457779,4975.86
1883,0,4.05088,495417,4809.87
1884,0,4.16348,446250,5071.02
1885,0,4.27,515678,5105.72
1886,0,4.36135,498623,4986.23
1887,0,4.54242,499751,4851.95
1888,0,4.78188,541686,4836.48
1889,0,4.69814,545458,4958.71
1890,0,4.90919,570073,5044.89
1891,0,5.17872,553518,5031.98
1892,0,5.0844,539700,5140
1893,1,2.45513,256368,4837.13
1894,0,2.4688,239605,4698.14
1895,0,2.53703,279578,4738.61
1896,0,2.6447,268185,4705
1897,0,2.50127,283357,4722.62
1898,0,2.5562,291920,4865.33
1899,0,2.75618,307258,4800.91
1900,0,2.72779,297034,4641.16
1901,0,2.70356,304514,4833.56
1902,0,2.69866,300152,4920.52
1903,0,3.00482,320106,4850.09
1904,0,2.80359,289683,4909.88
1905,0,2.94475,351421,4880.85
1906,0,3.10306,325262,4854.66
1907,0,3.11334,327412,4814.88
1908,0,3.19037,370216,4936.21
1909,0,3.33286,382507,4841.86
1910,0,3.51657,384324,4864.86
1911,0,3.4672,393522,4919.02
1912,0,3.77769,408616,4751.35
1913,0,3.84468,447851,4714.22
1914,0,3.85382,403028,4741.51
1915,0,4.02548,437772,4810.68
1916,1,1.80872,177192,4543.38
1917,0,2.03527,215764,4495.08
1918,0,1.91921,213134,4534.77
1919,0,1.88772,203670,4628.86
1920,0,1.93553,211004,4795.55
1921,0,2.00881,234686,4513.19
1922,0,2.01716,206450,4801.16
1923,0,2.06617,236393,4546.02
1924,0,2.04798,229127,4875.04
1925,0,2.09796,257959,4867.15
1926,0,2.16923,264493,4808.96
1927,0,2.10242,248417,4870.92
1928,0,2.13526,261554,5029.88
1929,0,2.21396,279875,4997.77
1930,0,2.41808,301287,4939.13
1931,0,2.24204,284695,4994.65
1932,0,2.34539,301534,5025.57
1933,0,2.44487,331222,5018.52
1934,0,2.54099,305150,5085.83
1935,0,2.4957,315405,5170.57
1936,0,2.7049,334909,5074.38
1937,0,2.6525,339005,5136.44
1938,0,2.75016,370561,5076.18
1939,0,2.63421,363495,5268.04
1940,0,2.84606,379880,5276.11
1941,0,2.91756,410494,5196.13
1942,0,2.87659,405020,5400.27
1943,0,3.14967,415860,5264.05
1944,0,3.03377,404537,5393.83
1945,0,3.26967,437465,5334.94
1946,0,3.27155,431269,5459.1
1947,0,3.34508,424874,5447.1
1948,0,3.3696,443858,5548.23
1949,0,3.39281,476886,5419.16
1950,0,3.71328,475183,5461.87
1951,0,3.84283,496797,5459.31
1952,0,3.7971,501976,5640.18
1953,0,3.98669,484072,5439.01
1954,0,4.26496,526379,5371.21
1955,0,4.32154,527677,5439.97
1956,0,4.48761,554266,5329.48
1957,1,2.21001,283498,5249.96
1958,0,2.14246,288569,5343.87
1959,0,2.19458,267638,5247.8
1960,0,2.30305,322212,5282.16
1961,0,2.1036,282183,5643.66
1962,0,2.28949,321667,5361.12
1963,0,2.41912,354418,5369.97
1964,0,2.37727,341525,5598.77
1965,0,2.44648,354734,5630.7
1966,0,2.4903,356068,5563.56
1967,0,2.54566,380576,5680.24
1968,0,2.7671,404361,5616.12
1969,0,2.78589,413424,5512.32
1970,0,2.72937,385957,5675.84
1971,0,2.84972,418086,5806.75
1972,0,2.90952,406582,5569.62
1973,0,2.99996,448125,5601.56
1974,0,3.09302,448976,5612.2
1975,0,3.12519,418804,5659.51
1976,0,3.24764,451807,5577.86
1977,0,3.38023,471240,5610
1978,0,3.39449,477253,5614.74
1979,0,3.63433,500737,5502.6
1980,0,3.50293,490248,5767.62
1981,0,3.70082,550973,5739.3
1982,0,3.89014,565875,5715.91
1983,0,3.95524,539008,5858.78
1984,0,4.21505,607855,5789.1
1985,0,4.18372,579868,5857.25
1986,0,4.26145,599700,5879.41
1987,0,4.46827,621997,5923.78
1988,1,2.10807,273919,5590.18
1989,0,2.02637,279904,5598.08
1990,0,2.08221,290437,5694.84
1991,0,2.19892,302918,5609.59
1992,0,2.30769,317626,5572.39
1993,0,2.15325,326622,5730.21
1994,0,2.18825,305559,5765.26
1995,0,2.28105,310814,5755.81
1996,0,2.37239,331959,5823.84
1997,0,2.28057,323031,5982.06
1998,0,2.45637,365410,5893.71
1999,0,2.38409,345513,5957.12
2000,0,2.37534,357697,5863.89
2001,0,2.60671,381279,5776.95
2002,0,2.58846,393870,5878.66
2003,0,2.93899,424801,5740.55
2004,0,2.82675,401503,5904.46
2005,0,2.95158,422655,5952.89
2006,0,3.13905,455383,5914.06
2007,0,3.03997,440353,5950.72
2008,0,3.15912,447817,5970.89
2009,0,3.22679,446709,5877.75
2010,0,3.35905,486747,5864.42
2011,0,3.45554,483031,5890.62
2012,0,3.61812,499989,5747
2013,0,3.56743,500755,5755.8
2014,0,3.70597,513672,5644.75
2015,0,3.94462,554383,5774.82
2016,0,3.96079,563582,5635.82
2017,0,4.19999,527186,5730.28
2018,0,4.21633,547083,5758.77
2019,0,4.41497,546843,5756.24
2020,1,2.1297,285728,5195.05
2021,0,2.08074,282443,5431.6
2022,0,2.18008,290704,5191.14
2023,0,2.06767,285985,5395.94
2024,0,2.185,300239,5267.35
2025,0,2.14415,281742,5315.89
2026,0,2.2346,314767,5427.02
2027,0,2.26722,306768,5381.89
2028,0,2.25315,316369,5272.82
2029,0,2.42797,339225,5139.77
2030,0,2.50788,336067,5420.44
2031,0,2.47807,327777,5373.39
2032,0,2.51438,359042,5358.84
2033,0,2.60295,350466,5391.78
2034,0,2.68773,357197,5412.08
2035,0,2.75062,364737,5443.84
2036,0,2.68235,358996,5358.15
2037,0,2.77712,388392,5178.56
2038,0,3.01464,424911,5311.39
2039,0,2.90838,426011,5325.14
2040,0,2.84457,410087,5467.83
2041,0,3.21329,425604,5320.05
2042,0,3.01591,418736,5509.68
2043,0,3.36993,461466,5243.93
2044,0,3.29448,463106,5323.06
2045,0,3.66745,455757,5179.06
2046,0,3.62898,453503,5335.33
2047,0,3.90126,504492,5147.88
2048,0,3.94011,473204,5143.52
2049,0,3.8327,487664,5187.91
2050,0,4.29224,524178,4945.08
2051,0,4.35677,527229,4973.86
2052,1,1.83469,218807,4862.38
2053,0,1.84602,233540,4968.94
2054,0,1.95998,245369,5007.53
2055,0,2.03416,242818,4955.47
2056,0,2.01277,239836,4894.61
2057,0,1.91144,241329,4826.58
2058,0,2.08766,256154,4743.59
2059,0,2.1219,242063,4746.33
2060,0,2.28338,275524,4516.79
2061,0,2.32917,310624,4778.83
2062,0,2.33775,276434,4936.32
2063,0,2.53271,304967,4765.11
2064,0,2.44554,293293,4808.08
2065,0,2.47812,298597,4816.08
2066,0,2.54781,322974,4893.55
2067,0,2.56469,314220,4909.69
2068,0,2.8451,330439,4859.4
2069,0,2.72955,316542,4869.88
2070,0,2.83873,326811,4736.39
2071,0,2.91837,333811,4908.99
2072,0,2.78929,342741,4967.26
2073,0,3.12152,356306,4814.95
2074,0,3.05781,386700,4957.69
2075,0,3.25923,378239,4912.19
2076,0,3.40902,385850,4946.79
2077,0,3.33238,404958,4708.81
2078,0,3.54352,432445,4858.93
2079,0,3.54185,425479,4780.66
2080,0,3.6532,452085,4967.97
2081,0,3.83725,453701,4726.05
2082,0,4.04366,484204,4842.04
2083,0,4.03631,467949,4824.22
2084,0,4.28412,484401,4749.03
2085,0,4.47955,494887,4998.86
2086,1,2.12994,240258,4710.94
2087,0,2.2358,229097,4772.85
2088,0,2.18366,255015,4722.5
2089,0,2.21933,263184,4699.71
2090,0,1.9908,242044,4939.67
2091,0,2.26929,275066,4825.72
2092,0,2.38434,289633,4597.35
2093,0,2.31237,275486,4833.09
2094,0,2.42615,276510,4767.41
2095,0,2.43532,301248,4707
2096,0,2.52038,298445,4813.63
2097,0,2.59068,327434,4745.42
2098,0,2.64077,315521,4780.62
2099,0,2.67051,324483,4916.41
2100,0,2.71873,333908,5059.21
2101,0,2.80044,347139,4959.13
2102,0,2.98398,358117,4905.71
2103,0,2.97858,365498,4746.73
2104,0,3.01765,383813,4984.58
2105,0,3.00143,377601,5034.68
2106,0,3.01392,360330,5075.07
2107,0,3.18379,396458,5018.46
2108,0,3.37865,422288,4968.09
2109,0,3.37686,432714,5277
2110,0,3.54299,440333,5061.3
2111,0,3.56852,450195,5234.83
2112,0,3.76529,461195,5240.85
2113,0,3.85028,479066,5322.96
2114,0,3.87999,494830,5378.59
2115,0,3.91814,508344,5525.48
2116,0,4.02443,500545,5268.89
2117,0,4.35841,600257,5312.01
2118,1,2.16477,269781,5188.1
2119,0,2.07407,252228,5147.51
2120,0,2.19555,280060,5186.3
2121,0,2.17722,297691,5222.65
2122,0,2.18994,291517,5300.31
2123,0,2.16633,286599,5407.53
2124,0,2.13397,297490,5613.02
2125,0,2.36912,331768,5529.47
2126,0,2.37605,340352,5579.54
2127,0,2.47679,335888,5598.13
2128,0,2.60882,369171,5350.3
2129,0,2.75457,395292,5414.96
2130,0,2.73512,381776,5453.94
2131,0,2.85528,396158,5353.49
2132,0,2.80761,399252,5253.32
2133,0,2.84129,379661,5423.73
2134,0,2.92609,369573,5356.13
2135,0,2.93678,396894,5512.42
2136,0,3.05649,462527,5316.4
2137,0,3.16194,457975,5452.08
2138,0,3.32588,490809,5393.51
2139,0,3.29602,477783,5491.76
2140,0,3.5611,464402,5663.44
2141,0,3.58656,478104,5624.75
2142,0,3.5078,537994,5723.34
2143,0,3.87166,535683,5638.77
2144,0,3.96312,529726,5757.89
2145,0,4.11057,529155,5751.68
2146,0,4.24076,635412,5573.79
2147,0,4.30233,581710,5759.5
2148,1,1.93329,273258,5576.69
2149,0,1.9426,256757,5462.91
2150,0,1.96021,281030,5404.42
2151,0,2.06904,283439,5557.63
2152,0,2.16237,293441,5434.09
2153,0,2.21489,275375,5619.9
2154,0,2.05193,318817,5496.84
2155,0,2.32389,330897,5608.42
2156,0,2.33519,338024,5828
2157,0,2.29099,318217,6004.09
2158,0,2.29437,321867,5960.5
2159,0,2.31925,356691,5573.3
2160,0,2.58096,355559,5555.61
2161,0,2.4802,353839,5897.32
2162,0,2.67297,383787,5904.42
2163,0,2.58198,390666,5919.18
2164,0,2.63841,390015,5493.17
2165,0,2.75812,409591,5851.3
2166,0,2.71442,412830,5733.75
2167,0,2.92451,423210,5642.8
2168,0,2.98851,437656,5758.63
2169,0,2.98643,426918,5929.42
2170,0,2.95502,461080,5692.35
2171,0,3.17261,438397,5768.38
2172,0,3.26485,496226,5638.93
2173,0,3.39694,483479,5687.99
2174,0,3.38221,476027,5876.88
2175,0,3.45443,448215,5673.61
2176,0,3.78391,514311,5714.57
2177,0,3.85013,524390,5826.56
2178,0,3.95364,539824,5867.65
2179,0,4.1825,544668,5794.34
2180,0,4.13371,531735,5908.17
2181,1,2.19198,301788,5487.05
2182,0,2.01978,276748,5534.96
2183,0,2.04755,275246,5617.27
2184,0,2.13618,293611,5646.37
2185,0,2.22418,322025,5552.16
2186,0,2.25781,305470,5454.82
2187,0,2.33976,322329,5654.89
2188,0,2.31836,337633,5627.22
2189,0,2.26041,321805,5454.32
2190,0,2.42811,336646,5610.77
2191,0,2.44675,366724,5641.91
2192,0,2.60481,361882,5654.41
2193,0,2.63913,350545,5842.42
2194,0,2.68327,359359,5796.11
2195,0,2.81792,373849,5418.1
2196,0,2.76031,360505,5722.3
2197,0,2.87205,381030,5522.17
2198,0,2.7962,385580,5588.12
2199,0,3.0558,372629,5323.27
2200,0,3.12839,414922,5388.6
2201,0,3.17172,459983,5411.56
2202,0,3.36355,452024,5381.24
2203,0,3.52538,459773,5473.49
2204,0,3.53669,490837,5453.74
2205,0,3.7171,506166,5562.26
2206,0,3.72783,499553,5550.59
2207,0,3.81268,509225,5595.88
2208,0,4.04714,577007,5770.07
2209,0,4.14498,590348,5787.73
2210,0,4.24791,567942,5736.79
2211,1,2.13935,263139,5720.41
2212,0,2.14931,292295,5515
2213,0,2.24147,300909,5373.38
2214,0,2.37122,317444,5473.17
2215,0,2.21412,310068,5346
2216,0,2.30681,295365,5370.27
2217,0,2.33519,316121,5450.36
2218,0,2.36734,340918,5588.82
2219,0,2.35982,349441,5824.02
2220,0,2.46564,342585,5709.75
2221,0,2.35182,349433,5823.88
2222,0,2.65562,371771,5808.92
2223,0,2.62683,365961,5462.1
2224,0,2.59802,366025,5719.14
2225,0,2.66728,385951,5675.75
2226,0,2.88746,436537,5456.71
2227,0,2.8563,382435,5624.04
2228,0,2.88027,422089,5553.8
2229,0,2.84081,433835,5561.99
2230,0,3.07018,422404,5708.16
2231,0,3.24045,486378,5655.56
2232,0,3.25242,476068,5805.71
2233,0,3.31245,484942,5842.67
2234,0,3.32822,469683,5798.56
2235,0,3.41341,478201,6053.18
2236,0,3.63301,518317,5759.08
2237,0,3.62712,537474,5779.29
2238,0,3.71613,514511,5781.02
2239,0,3.97706,562710,5923.26
2240,0,3.88403,548897,5777.86
2241,0,4.10775,581514,5933.82
2242,0,4.20209,555137,5969.22
2243,1,2.01176,286747,5622.49
2244,0,1.98975,289106,5559.73
2245,0,1.87151,237091,5927.27
2246,0,1.96799,284692,5810.04
2247,0,1.8026,267244,5809.65
2248,0,1.89659,277548,5664.24
2249,0,1.99986,276931,5769.4
2250,0,1.98405,287549,5750.98
2251,0,1.98405,291070,5821.4
2252,0,2.04773,291774,5835.48
2253,0,2.19819,314233,5713.33
2254,0,2.33519,321350,5540.52
2255,0,2.28645,317869,5676.23
2256,0,2.24263,339046,5845.62
2257,0,2.4089,345438,5757.3
2258,0,2.50659,374012,5754.03
2259,0,2.43506,336087,6001.55
2260,0,2.60002,366818,5731.53
2261,0,2.52958,340934,5878.17
2262,0,2.83235,378610,5736.52
2263,0,2.74368,364500,5879.03
2264,0,2.96422,419557,5747.36
2265,0,2.86323,364637,5697.45
2266,0,3.13649,408793,5378.86
2267,0,3.10971,394893,5561.87
2268,0,3.38071,481351,5469.9
2269,0,3.32661,461154,5556.07
2270,0,3.57651,483430,5755.12
2271,0,3.41138,450026,5769.56
2272,0,3.57061,477224,5549.12
2273,0,3.86526,526078,5423.48
2274,0,3.90122,489254,5689
2275,0,4.09173,561349,5613.49
2276,0,4.29124,562518,5514.88
